0,0,   0
0,1,   0
0,2,   0
0,3,   0
0,4,   0
0,5,   0
0,6,   0
0,7,   0
0,8,   0
0,9,   0
0,10,   0
0,11,   0
0,12,   0
0,13,   0
0,14,   0
0,15,   0
0,16,   0
0,17,   0
0,18,   0
0,19,   0
0,20,   0
0,21,   0
0,22,   0
0,23,   0
0,24,   0
0,25,   0
0,26,   0
0,27,   0
0,28,   0
0,29,   0
0,30,   0
0,31,   0
0,32,   0
0,33,   0
0,34,   0
0,35,   0
0,36,   0
0,37,   0
0,38,   0
0,39,   0
0,40,   0
0,41,   0
0,42,   0
0,43,   0
0,44,   0
0,45,   0
0,46,   0
0,47,   0
0,48,   0
0,49,   0
0,50,   0
0,51,   0
0,52,   0
0,53,   0
0,54,   0
0,55,   0
0,56,   0
0,57,   0
0,58,   0
0,59,   0
1,0,   0
1,1,   0
1,2,   0
1,3,   0
1,4,   0
1,5,   0
1,6,   0
1,7,   0
1,8,   0
1,9,   0
1,10,   0
1,11,   0
1,12,   0
1,13,   0
1,14,   0
1,15,   0
1,16,   0
1,17,   0
1,18,   0
1,19,   0
1,20,   0
1,21,   0
1,22,   0
1,23,   0
1,24,   0
1,25,   0
1,26,   0
1,27,   0
1,28,   0
1,29,   0
1,30,   0
1,31,   0
1,32,   0
1,33,   0
1,34,   0
1,35,   0
1,36,   0
1,37,   0
1,38,   0
1,39,   0
1,40,   0
1,41,   0
1,42,   0
1,43,   0
1,44,   0
1,45,   0
1,46,   0
1,47,   0
1,48,   0
1,49,   0
1,50,   0
1,51,   0
1,52,   0
1,53,   0
1,54,   0
1,55,   0
1,56,   0
1,57,   0
1,58,   0
1,59,   0
2,0,   0
2,1,   0
2,2,   0
2,3,   0
2,4,   0
2,5,   0
2,6,   0
2,7,   0
2,8,   0
2,9,   0
2,10,   0
2,11,   0
2,12,   0
2,13,   0
2,14,   0
2,15,   0
2,16,   0
2,17,   0
2,18,   0
2,19,   0
2,20,   0
2,21,   0
2,22,   0
2,23,   0
2,24,   0
2,25,   0
2,26,   0
2,27,   0
2,28,   0
2,29,   0
2,30,   0
2,31,   0
2,32,   0
2,33,   0
2,34,   0
2,35,   0
2,36,   0
2,37,   0
2,38,   0
2,39,   0
2,40,   0
2,41,   0
2,42,   0
2,43,   0
2,44,   0
2,45,   0
2,46,   0
2,47,   0
2,48,   0
2,49,   0
2,50,   0
2,51,   0
2,52,   0
2,53,   0
2,54,   0
2,55,   0
2,56,   0
2,57,   0
2,58,   0
2,59,   0
3,0,   0
3,1,   0
3,2,   0
3,3,   0
3,4,   0
3,5,   0
3,6,   0
3,7,   0
3,8,   0
3,9,   0
3,10,   0
3,11,   0
3,12,   0
3,13,   0
3,14,   0
3,15,   0
3,16,   0
3,17,   0
3,18,   0
3,19,   0
3,20,   0
3,21,   0
3,22,   0
3,23,   0
3,24,   0
3,25,   0
3,26,   0
3,27,   0
3,28,   0
3,29,   0
3,30,   0
3,31,   0
3,32,   0
3,33,   0
3,34,   0
3,35,   0
3,36,   0
3,37,   0
3,38,   0
3,39,   0
3,40,   0
3,41,   0
3,42,   0
3,43,   0
3,44,   0
3,45,   0
3,46,   0
3,47,   0
3,48,   0
3,49,   0
3,50,   0
3,51,   0
3,52,   0
3,53,   0
3,54,   0
3,55,   0
3,56,   0
3,57,   0
3,58,   0
3,59,   0
4,0,   0
4,1,   0
4,2,   0
4,3,   0
4,4,   0
4,5,   0
4,6,   0
4,7,   0
4,8,   0
4,9,   0
4,10,   0
4,11,   0
4,12,   0
4,13,   0
4,14,   0
4,15,   0
4,16,   0
4,17,   0
4,18,   0
4,19,   0
4,20,   0
4,21,   0
4,22,   0
4,23,   0
4,24,   0
4,25,   0
4,26,   0
4,27,   0
4,28,   0
4,29,   0
4,30,   0
4,31,   0
4,32,   0
4,33,   0
4,34,   0
4,35,   0
4,36,   0
4,37,   0
4,38,   0
4,39,   0
4,40,   0
4,41,   0
4,42,   0
4,43,   0
4,44,   0
4,45,   0
4,46,   0
4,47,   0
4,48,   0
4,49,   0
4,50,   0
4,51,   0
4,52,   0
4,53,   0
4,54,   0
4,55,   0
4,56,   0
4,57,   0
4,58,   0
4,59,   0
5,0,   0
5,1,   0
5,2,   0
5,3,   0
5,4,   0
5,5,   0
5,6,   0
5,7,   0
5,8,   0
5,9,   0
5,10,   0
5,11,   0
5,12,   0
5,13,   0
5,14,   0
5,15,   0
5,16,   0
5,17,   0
5,18,   0
5,19,   0
5,20,   0
5,21,   0
5,22,   0
5,23,   0
5,24,   0
5,25,   0
5,26,   0
5,27,   0
5,28,   0
5,29,   0
5,30,   0
5,31,   0
5,32,   0
5,33,   0
5,34,   0
5,35,   0
5,36,   0
5,37,   0
5,38,   0
5,39,   0
5,40,   0
5,41,   0
5,42,   0
5,43,   0
5,44,   0
5,45,   0
5,46,   0
5,47,   0
5,48,   0
5,49,   0
5,50,   0
5,51,   0
5,52,   0
5,53,   0
5,54,   0
5,55,   0
5,56,   0
5,57,   0
5,58,   0
5,59,   0
6,0,   0
6,1,   0
6,2,   0
6,3,   0
6,4,   0
6,5,   0
6,6,   0
6,7,   0
6,8,   0
6,9,   0
6,10,   0
6,11,   0
6,12,   0
6,13,   0
6,14,   0
6,15,   0
6,16,   0
6,17,   0
6,18,   0
6,19,   0
6,20,   0
6,21,   0
6,22,   0
6,23,   0
6,24,   0
6,25,   0
6,26,   0
6,27,   0
6,28,   0
6,29,   0
6,30,   0
6,31,   0
6,32,   0
6,33,   0
6,34,   0
6,35,   0
6,36,   0
6,37,   0
6,38,   0
6,39,   0
6,40,   0
6,41,   0
6,42,   0
6,43,   0
6,44,   0
6,45,   0
6,46,   0
6,47,   0
6,48,   0
6,49,   0
6,50,   0
6,51,   0
6,52,   0
6,53,   0
6,54,   0
6,55,   0
6,56,   0
6,57,   0
6,58,   0
6,59,   0
7,0,   0
7,1,   0
7,2,   0
7,3,   0
7,4,   0
7,5,   0
7,6,   0
7,7,   0
7,8,   0
7,9,   0
7,10,   0
7,11,   0
7,12,   0
7,13,   0
7,14,   0
7,15,   0
7,16,   0
7,17,   0
7,18,   0
7,19,   0
7,20,   0
7,21,   0
7,22,   0
7,23,   0
7,24,   0
7,25,   0
7,26,   0
7,27,   0
7,28,   0
7,29,   0
7,30,   0
7,31,   0
7,32,   0
7,33,   0
7,34,   0
7,35,   0
7,36,   0
7,37,   0
7,38,   0
7,39,   0
7,40,   0
7,41,   0
7,42,   0
7,43,   0
7,44,   0
7,45,   0
7,46,   0
7,47,   0
7,48,   0
7,49,   0
7,50,   0
7,51,   0
7,52,   0
7,53,   0
7,54,   0
7,55,   0
7,56,   0
7,57,   0
7,58,   0
7,59,   0
8,0,   0
8,1,   0
8,2,   0
8,3,   0
8,4,   0
8,5,   0
8,6,   0
8,7,   0
8,8,   0
8,9,   0
8,10,   0
8,11,   0
8,12,   0
8,13,   0
8,14,   0
8,15,   0
8,16,   0
8,17,   0
8,18,   0
8,19,   0
8,20,   0
8,21,   0
8,22,   0
8,23,   0
8,24,   0
8,25,   0
8,26,   0
8,27,   0
8,28,   0
8,29,   0
8,30,   0
8,31,   0
8,32,   0
8,33,   0
8,34,   0
8,35,   0
8,36,   0
8,37,   0
8,38,   0
8,39,   0
8,40,   0
8,41,   0
8,42,   0
8,43,   0
8,44,   0
8,45,   0
8,46,   0
8,47,   0
8,48,   0
8,49,   0
8,50,   0
8,51,   0
8,52,   0
8,53,   0
8,54,   0
8,55,   0
8,56,   0
8,57,   0
8,58,   0
8,59,   0
9,0,   0
9,1,   0
9,2,   0
9,3,   0
9,4,   0
9,5,   0
9,6,   0
9,7,   0
9,8,   0
9,9,   0
9,10,   0
9,11,   0
9,12,   0
9,13,   0
9,14,   0
9,15,   0
9,16,   0
9,17,   0
9,18,   0
9,19,   0
9,20,   0
9,21,   0
9,22,   0
9,23,   0
9,24,   0
9,25,   0
9,26,   0
9,27,   0
9,28,   0
9,29,   0
9,30,   0
9,31,   0
9,32,   0
9,33,   0
9,34,   0
9,35,   0
9,36,   0
9,37,   0
9,38,   0
9,39,   0
9,40,   0
9,41,   0
9,42,   0
9,43,   0
9,44,   0
9,45,   0
9,46,   0
9,47,   0
9,48,   0
9,49,   0
9,50,   0
9,51,   0
9,52,   0
9,53,   0
9,54,   0
9,55,   0
9,56,   0
9,57,   0
9,58,   0
9,59,   0
10,0,   0
10,1,   0
10,2,   0
10,3,   0
10,4,   0
10,5,   0
10,6,   0
10,7,   0
10,8,   0
10,9,   0
10,10,   0
10,11,   0
10,12,   0
10,13,   0
10,14,   0
10,15,   0
10,16,   0
10,17,   0
10,18,   0
10,19,   0
10,20,   0
10,21,   0
10,22,   0
10,23,   0
10,24,   0
10,25,   0
10,26,   0
10,27,   0
10,28,   0
10,29,   0
10,30,   0
10,31,   0
10,32,   0
10,33,   0
10,34,   0
10,35,   0
10,36,   0
10,37,   0
10,38,   0
10,39,   0
10,40,   0
10,41,   0
10,42,   0
10,43,   0
10,44,   0
10,45,   0
10,46,   0
10,47,   0
10,48,   0
10,49,   0
10,50,   0
10,51,   0
10,52,   0
10,53,   0
10,54,   0
10,55,   0
10,56,   0
10,57,   0
10,58,   0
10,59,   0
11,0,   0
11,1,   0
11,2,   0
11,3,   0
11,4,   0
11,5,   0
11,6,   0
11,7,   0
11,8,   0
11,9,   0
11,10,   0
11,11,   0
11,12,   0
11,13,   0
11,14,   0
11,15,   0
11,16,   0
11,17,   0
11,18,   0
11,19,   0
11,20,   0
11,21,   0
11,22,   0
11,23,   0
11,24,   0
11,25,   0
11,26,   0
11,27,   0
11,28,   0
11,29,   0
11,30,   0
11,31,   0
11,32,   0
11,33,   0
11,34,   0
11,35,   0
11,36,   0
11,37,   0
11,38,   0
11,39,   0
11,40,   0
11,41,   0
11,42,   0
11,43,   0
11,44,   0
11,45,   0
11,46,   0
11,47,   0
11,48,   0
11,49,   0
11,50,   0
11,51,   0
11,52,   0
11,53,   0
11,54,   0
11,55,   0
11,56,   0
11,57,   0
11,58,   0
11,59,   0
12,0,   0
12,1,   1
12,2,   1
12,3,   1
12,4,   1
12,5,   1
12,6,   1
12,7,   1
12,8,   1
12,9,   1
12,10,   1
12,11,   2
12,12,   2
12,13,   2
12,14,   2
12,15,   2
12,16,   2
12,17,   2
12,18,   3
12,19,   3
12,20,   3
12,21,   3
12,22,   4
12,23,   7
12,24,   8
12,25,   8
12,26,   8
12,27,   5
12,28,   4
12,29,   3
12,30,   3
12,31,   3
12,32,   3
12,33,   2
12,34,   2
12,35,   2
12,36,   2
12,37,   2
12,38,   2
12,39,   2
12,40,   2
12,41,   2
12,42,   2
12,43,   2
12,44,   2
12,45,   2
12,46,   2
12,47,   2
12,48,   2
12,49,   2
12,50,   2
12,51,   2
12,52,   2
12,53,   2
12,54,   2
12,55,   2
12,56,   1
12,57,   1
12,58,   0
12,59,   0
13,0,   0
13,1,   1
13,2,   1
13,3,   1
13,4,   1
13,5,   1
13,6,   1
13,7,   1
13,8,   1
13,9,   1
13,10,   1
13,11,   2
13,12,   2
13,13,   2
13,14,   2
13,15,   2
13,16,   2
13,17,   2
13,18,   3
13,19,   3
13,20,   3
13,21,   3
13,22,   4
13,23,   7
13,24,   8
13,25,   8
13,26,   8
13,27,   5
13,28,   4
13,29,   3
13,30,   3
13,31,   3
13,32,   3
13,33,   2
13,34,   2
13,35,   2
13,36,   2
13,37,   2
13,38,   2
13,39,   2
13,40,   2
13,41,   2
13,42,   2
13,43,   2
13,44,   2
13,45,   2
13,46,   2
13,47,   2
13,48,   2
13,49,   2
13,50,   2
13,51,   2
13,52,   2
13,53,   2
13,54,   2
13,55,   2
13,56,   1
13,57,   1
13,58,   0
13,59,   0
14,0,   0
14,1,   1
14,2,   1
14,3,   1
14,4,   1
14,5,   1
14,6,   1
14,7,   1
14,8,   1
14,9,   1
14,10,   1
14,11,   2
14,12,   2
14,13,   2
14,14,   2
14,15,   4
14,16,   4
14,17,   4
14,18,   5
14,19,   5
14,20,   5
14,21,   5
14,22,   6
14,23,   8
14,24,   8
14,25,   8
14,26,   9
14,27,   6
14,28,   5
14,29,   4
14,30,   3
14,31,   3
14,32,   3
14,33,   3
14,34,   2
14,35,   2
14,36,   2
14,37,   2
14,38,   2
14,39,   2
14,40,   2
14,41,   2
14,42,   2
14,43,   2
14,44,   2
14,45,   2
14,46,   2
14,47,   2
14,48,   2
14,49,   2
14,50,   2
14,51,   2
14,52,   2
14,53,   2
14,54,   2
14,55,   2
14,56,   1
14,57,   1
14,58,   0
14,59,   0
15,0,   0
15,1,   1
15,2,   1
15,3,   1
15,4,   1
15,5,   1
15,6,   1
15,7,   1
15,8,   1
15,9,   1
15,10,   1
15,11,   2
15,12,   2
15,13,   2
15,14,   2
15,15,   4
15,16,   4
15,17,   4
15,18,   5
15,19,   5
15,20,   5
15,21,   5
15,22,   6
15,23,   8
15,24,   8
15,25,   8
15,26,   9
15,27,   6
15,28,   5
15,29,   4
15,30,   3
15,31,   3
15,32,   3
15,33,   3
15,34,   2
15,35,   2
15,36,   2
15,37,   2
15,38,   2
15,39,   2
15,40,   2
15,41,   2
15,42,   2
15,43,   2
15,44,   2
15,45,   2
15,46,   2
15,47,   2
15,48,   2
15,49,   2
15,50,   2
15,51,   2
15,52,   2
15,53,   2
15,54,   2
15,55,   2
15,56,   1
15,57,   1
15,58,   0
15,59,   0
16,0,   0
16,1,   1
16,2,   1
16,3,   1
16,4,   1
16,5,   1
16,6,   1
16,7,   1
16,8,   1
16,9,   1
16,10,   1
16,11,   2
16,12,   2
16,13,   2
16,14,   2
16,15,   4
16,16,   4
16,17,   4
16,18,   5
16,19,   5
16,20,   5
16,21,   5
16,22,   6
16,23,   8
16,24,   8
16,25,   8
16,26,   9
16,27,   6
16,28,   5
16,29,   4
16,30,   3
16,31,   3
16,32,   3
16,33,   3
16,34,   2
16,35,   2
16,36,   2
16,37,   2
16,38,   2
16,39,   2
16,40,   2
16,41,   2
16,42,   2
16,43,   2
16,44,   2
16,45,   2
16,46,   2
16,47,   2
16,48,   2
16,49,   2
16,50,   2
16,51,   2
16,52,   2
16,53,   2
16,54,   2
16,55,   2
16,56,   1
16,57,   1
16,58,   0
16,59,   0
17,0,   0
17,1,   1
17,2,   1
17,3,   1
17,4,   1
17,5,   1
17,6,   1
17,7,   1
17,8,   1
17,9,   1
17,10,   1
17,11,   2
17,12,   2
17,13,   2
17,14,   2
17,15,   4
17,16,   4
17,17,   4
17,18,   5
17,19,   5
17,20,   5
17,21,   5
17,22,   6
17,23,   8
17,24,   8
17,25,   8
17,26,   9
17,27,   6
17,28,   5
17,29,   4
17,30,   3
17,31,   3
17,32,   3
17,33,   3
17,34,   2
17,35,   2
17,36,   2
17,37,   2
17,38,   2
17,39,   2
17,40,   2
17,41,   2
17,42,   2
17,43,   2
17,44,   2
17,45,   2
17,46,   2
17,47,   2
17,48,   2
17,49,   2
17,50,   2
17,51,   2
17,52,   2
17,53,   2
17,54,   2
17,55,   2
17,56,   1
17,57,   1
17,58,   0
17,59,   0
18,0,   0
18,1,   1
18,2,   1
18,3,   1
18,4,   1
18,5,   1
18,6,   1
18,7,   1
18,8,   1
18,9,   1
18,10,   1
18,11,   2
18,12,   2
18,13,   2
18,14,   2
18,15,   4
18,16,   4
18,17,   4
18,18,   5
18,19,   5
18,20,   5
18,21,   5
18,22,   6
18,23,   8
18,24,   8
18,25,   8
18,26,   9
18,27,   6
18,28,   5
18,29,   4
18,30,   3
18,31,   3
18,32,   3
18,33,   3
18,34,   2
18,35,   2
18,36,   2
18,37,   2
18,38,   2
18,39,   2
18,40,   2
18,41,   2
18,42,   2
18,43,   2
18,44,   2
18,45,   2
18,46,   2
18,47,   2
18,48,   2
18,49,   2
18,50,   2
18,51,   2
18,52,   2
18,53,   2
18,54,   2
18,55,   2
18,56,   1
18,57,   1
18,58,   0
18,59,   0
19,0,   0
19,1,   1
19,2,   1
19,3,   1
19,4,   1
19,5,   1
19,6,   1
19,7,   1
19,8,   1
19,9,   1
19,10,   1
19,11,   2
19,12,   2
19,13,   2
19,14,   2
19,15,   4
19,16,   4
19,17,   4
19,18,   5
19,19,   5
19,20,   5
19,21,   5
19,22,   6
19,23,   8
19,24,   8
19,25,   8
19,26,   9
19,27,   6
19,28,   5
19,29,   4
19,30,   3
19,31,   3
19,32,   3
19,33,   3
19,34,   2
19,35,   2
19,36,   2
19,37,   2
19,38,   2
19,39,   2
19,40,   2
19,41,   2
19,42,   2
19,43,   2
19,44,   2
19,45,   2
19,46,   2
19,47,   2
19,48,   2
19,49,   2
19,50,   2
19,51,   2
19,52,   2
19,53,   2
19,54,   2
19,55,   2
19,56,   1
19,57,   1
19,58,   0
19,59,   0
20,0,   0
20,1,   1
20,2,   1
20,3,   1
20,4,   1
20,5,   1
20,6,   1
20,7,   1
20,8,   1
20,9,   1
20,10,   1
20,11,   2
20,12,   2
20,13,   2
20,14,   2
20,15,   4
20,16,   4
20,17,   4
20,18,   5
20,19,   5
20,20,   5
20,21,   5
20,22,   6
20,23,   8
20,24,   8
20,25,   8
20,26,   9
20,27,   6
20,28,   5
20,29,   4
20,30,   3
20,31,   3
20,32,   3
20,33,   3
20,34,   2
20,35,   2
20,36,   2
20,37,   2
20,38,   2
20,39,   2
20,40,   2
20,41,   2
20,42,   2
20,43,   2
20,44,   2
20,45,   2
20,46,   2
20,47,   2
20,48,   2
20,49,   2
20,50,   2
20,51,   2
20,52,   2
20,53,   2
20,54,   2
20,55,   2
20,56,   1
20,57,   1
20,58,   0
20,59,   0
21,0,   0
21,1,   1
21,2,   1
21,3,   1
21,4,   1
21,5,   1
21,6,   1
21,7,   1
21,8,   1
21,9,   1
21,10,   1
21,11,   2
21,12,   2
21,13,   2
21,14,   2
21,15,   4
21,16,   4
21,17,   4
21,18,   5
21,19,   5
21,20,   5
21,21,   5
21,22,   6
21,23,   8
21,24,   8
21,25,   8
21,26,   9
21,27,   6
21,28,   5
21,29,   4
21,30,   3
21,31,   3
21,32,   3
21,33,   3
21,34,   2
21,35,   2
21,36,   2
21,37,   2
21,38,   2
21,39,   2
21,40,   2
21,41,   2
21,42,   2
21,43,   2
21,44,   2
21,45,   2
21,46,   2
21,47,   2
21,48,   2
21,49,   2
21,50,   2
21,51,   2
21,52,   2
21,53,   2
21,54,   2
21,55,   2
21,56,   1
21,57,   1
21,58,   0
21,59,   0
22,0,   0
22,1,   1
22,2,   1
22,3,   1
22,4,   1
22,5,   1
22,6,   1
22,7,   1
22,8,   1
22,9,   1
22,10,   1
22,11,   2
22,12,   2
22,13,   2
22,14,   2
22,15,   4
22,16,   4
22,17,   4
22,18,   5
22,19,   5
22,20,   5
22,21,   5
22,22,   6
22,23,   8
22,24,   8
22,25,   8
22,26,   9
22,27,   6
22,28,   5
22,29,   4
22,30,   3
22,31,   3
22,32,   3
22,33,   3
22,34,   2
22,35,   2
22,36,   2
22,37,   2
22,38,   2
22,39,   2
22,40,   2
22,41,   2
22,42,   2
22,43,   2
22,44,   2
22,45,   2
22,46,   2
22,47,   2
22,48,   2
22,49,   2
22,50,   2
22,51,   2
22,52,   2
22,53,   2
22,54,   2
22,55,   2
22,56,   1
22,57,   1
22,58,   0
22,59,   0
23,0,   0
23,1,   1
23,2,   1
23,3,   1
23,4,   1
23,5,   1
23,6,   1
23,7,   1
23,8,   1
23,9,   1
23,10,   1
23,11,   2
23,12,   2
23,13,   2
23,14,   2
23,15,   4
23,16,   4
23,17,   4
23,18,   5
23,19,   5
23,20,   5
23,21,   5
23,22,   6
23,23,   8
23,24,   8
23,25,   8
23,26,   9
23,27,   6
23,28,   5
23,29,   4
23,30,   3
23,31,   3
23,32,   3
23,33,   3
23,34,   2
23,35,   2
23,36,   2
23,37,   2
23,38,   2
23,39,   2
23,40,   2
23,41,   2
23,42,   2
23,43,   2
23,44,   2
23,45,   2
23,46,   2
23,47,   2
23,48,   2
23,49,   2
23,50,   2
23,51,   2
23,52,   2
23,53,   2
23,54,   2
23,55,   2
23,56,   1
23,57,   1
23,58,   0
23,59,   0
24,0,   0
24,1,   1
24,2,   1
24,3,   1
24,4,   1
24,5,   1
24,6,   1
24,7,   1
24,8,   1
24,9,   1
24,10,   1
24,11,   2
24,12,   2
24,13,   2
24,14,   2
24,15,   4
24,16,   5
24,17,   5
24,18,   5
24,19,   5
24,20,   5
24,21,   5
24,22,   6
24,23,   9
24,24,   9
24,25,   9
24,26,  10
24,27,   7
24,28,   6
24,29,   5
24,30,   5
24,31,   5
24,32,   6
24,33,   4
24,34,   3
24,35,   2
24,36,   2
24,37,   2
24,38,   2
24,39,   2
24,40,   2
24,41,   2
24,42,   2
24,43,   2
24,44,   2
24,45,   2
24,46,   2
24,47,   2
24,48,   2
24,49,   2
24,50,   2
24,51,   2
24,52,   2
24,53,   2
24,54,   2
24,55,   2
24,56,   1
24,57,   1
24,58,   0
24,59,   0
25,0,   0
25,1,   1
25,2,   1
25,3,   1
25,4,   1
25,5,   1
25,6,   1
25,7,   1
25,8,   1
25,9,   1
25,10,   1
25,11,   2
25,12,   2
25,13,   2
25,14,   2
25,15,   4
25,16,   5
25,17,   5
25,18,   5
25,19,   5
25,20,   5
25,21,   5
25,22,   6
25,23,   9
25,24,   9
25,25,   9
25,26,  10
25,27,   7
25,28,   6
25,29,   5
25,30,   5
25,31,   5
25,32,   6
25,33,   4
25,34,   3
25,35,   2
25,36,   2
25,37,   2
25,38,   2
25,39,   2
25,40,   2
25,41,   2
25,42,   2
25,43,   2
25,44,   2
25,45,   2
25,46,   2
25,47,   2
25,48,   2
25,49,   2
25,50,   2
25,51,   2
25,52,   2
25,53,   2
25,54,   2
25,55,   2
25,56,   1
25,57,   1
25,58,   0
25,59,   0
26,0,   0
26,1,   1
26,2,   1
26,3,   1
26,4,   1
26,5,   1
26,6,   1
26,7,   1
26,8,   1
26,9,   1
26,10,   1
26,11,   2
26,12,   2
26,13,   2
26,14,   2
26,15,   4
26,16,   5
26,17,   5
26,18,   5
26,19,   5
26,20,   5
26,21,   5
26,22,   6
26,23,   9
26,24,   9
26,25,   9
26,26,  10
26,27,   7
26,28,   6
26,29,   5
26,30,   5
26,31,   5
26,32,   6
26,33,   4
26,34,   3
26,35,   2
26,36,   2
26,37,   2
26,38,   2
26,39,   2
26,40,   2
26,41,   2
26,42,   2
26,43,   2
26,44,   2
26,45,   2
26,46,   2
26,47,   2
26,48,   2
26,49,   2
26,50,   2
26,51,   2
26,52,   2
26,53,   2
26,54,   2
26,55,   2
26,56,   1
26,57,   1
26,58,   0
26,59,   0
27,0,   0
27,1,   1
27,2,   1
27,3,   1
27,4,   1
27,5,   1
27,6,   1
27,7,   1
27,8,   1
27,9,   1
27,10,   1
27,11,   2
27,12,   2
27,13,   2
27,14,   2
27,15,   4
27,16,   5
27,17,   5
27,18,   5
27,19,   5
27,20,   5
27,21,   5
27,22,   6
27,23,   9
27,24,   9
27,25,   9
27,26,  10
27,27,   7
27,28,   6
27,29,   5
27,30,   5
27,31,   5
27,32,   6
27,33,   4
27,34,   3
27,35,   2
27,36,   2
27,37,   2
27,38,   2
27,39,   2
27,40,   2
27,41,   2
27,42,   2
27,43,   2
27,44,   2
27,45,   2
27,46,   2
27,47,   2
27,48,   2
27,49,   2
27,50,   2
27,51,   2
27,52,   2
27,53,   2
27,54,   2
27,55,   2
27,56,   1
27,57,   1
27,58,   0
27,59,   0
28,0,   0
28,1,   1
28,2,   1
28,3,   1
28,4,   1
28,5,   1
28,6,   1
28,7,   1
28,8,   1
28,9,   1
28,10,   1
28,11,   2
28,12,   2
28,13,   2
28,14,   2
28,15,   4
28,16,   5
28,17,   5
28,18,   5
28,19,   5
28,20,   5
28,21,   5
28,22,   6
28,23,   9
28,24,   9
28,25,   9
28,26,  10
28,27,   7
28,28,   6
28,29,   5
28,30,   5
28,31,   5
28,32,   6
28,33,   4
28,34,   3
28,35,   2
28,36,   2
28,37,   2
28,38,   2
28,39,   2
28,40,   2
28,41,   2
28,42,   2
28,43,   2
28,44,   2
28,45,   2
28,46,   2
28,47,   2
28,48,   2
28,49,   2
28,50,   2
28,51,   2
28,52,   2
28,53,   2
28,54,   2
28,55,   2
28,56,   1
28,57,   1
28,58,   0
28,59,   0
29,0,   0
29,1,   1
29,2,   1
29,3,   1
29,4,   1
29,5,   1
29,6,   1
29,7,   1
29,8,   1
29,9,   1
29,10,   1
29,11,   4
29,12,   5
29,13,   5
29,14,   5
29,15,   8
29,16,   8
29,17,   8
29,18,   8
29,19,   8
29,20,   8
29,21,   8
29,22,   9
29,23,  12
29,24,  12
29,25,  11
29,26,  11
29,27,   8
29,28,   7
29,29,   6
29,30,   6
29,31,   6
29,32,   6
29,33,   5
29,34,   4
29,35,   3
29,36,   3
29,37,   2
29,38,   2
29,39,   2
29,40,   2
29,41,   2
29,42,   2
29,43,   2
29,44,   2
29,45,   2
29,46,   2
29,47,   2
29,48,   2
29,49,   2
29,50,   2
29,51,   2
29,52,   2
29,53,   2
29,54,   2
29,55,   2
29,56,   1
29,57,   1
29,58,   0
29,59,   0
30,0,   0
30,1,   1
30,2,   1
30,3,   1
30,4,   1
30,5,   1
30,6,   1
30,7,   1
30,8,   1
30,9,   1
30,10,   1
30,11,   4
30,12,   5
30,13,   5
30,14,   5
30,15,   8
30,16,   8
30,17,   8
30,18,   8
30,19,   8
30,20,   8
30,21,   8
30,22,   9
30,23,  12
30,24,  12
30,25,  11
30,26,  11
30,27,   8
30,28,   7
30,29,   6
30,30,   6
30,31,   6
30,32,   6
30,33,   5
30,34,   4
30,35,   3
30,36,   3
30,37,   2
30,38,   2
30,39,   2
30,40,   2
30,41,   2
30,42,   2
30,43,   2
30,44,   2
30,45,   2
30,46,   2
30,47,   2
30,48,   2
30,49,   2
30,50,   2
30,51,   2
30,52,   2
30,53,   2
30,54,   2
30,55,   2
30,56,   1
30,57,   1
30,58,   0
30,59,   0
31,0,   0
31,1,   1
31,2,   1
31,3,   1
31,4,   1
31,5,   1
31,6,   1
31,7,   1
31,8,   1
31,9,   1
31,10,   1
31,11,   4
31,12,   5
31,13,   5
31,14,   5
31,15,   8
31,16,   8
31,17,   8
31,18,   8
31,19,   8
31,20,   8
31,21,   8
31,22,   9
31,23,  12
31,24,  12
31,25,  11
31,26,  11
31,27,   8
31,28,   7
31,29,   6
31,30,   6
31,31,   6
31,32,   6
31,33,   5
31,34,   4
31,35,   3
31,36,   3
31,37,   2
31,38,   2
31,39,   2
31,40,   2
31,41,   2
31,42,   2
31,43,   2
31,44,   2
31,45,   2
31,46,   2
31,47,   2
31,48,   2
31,49,   2
31,50,   2
31,51,   2
31,52,   2
31,53,   2
31,54,   2
31,55,   2
31,56,   1
31,57,   1
31,58,   0
31,59,   0
32,0,   0
32,1,   1
32,2,   1
32,3,   1
32,4,   1
32,5,   1
32,6,   1
32,7,   1
32,8,   1
32,9,   1
32,10,   1
32,11,   4
32,12,   5
32,13,   5
32,14,   5
32,15,   7
32,16,   7
32,17,   8
32,18,   8
32,19,   8
32,20,   8
32,21,  10
32,22,  11
32,23,  14
32,24,  14
32,25,  12
32,26,  12
32,27,   8
32,28,   8
32,29,   7
32,30,   7
32,31,   7
32,32,   7
32,33,   5
32,34,   4
32,35,   3
32,36,   3
32,37,   3
32,38,   3
32,39,   3
32,40,   3
32,41,   3
32,42,   3
32,43,   2
32,44,   2
32,45,   2
32,46,   2
32,47,   2
32,48,   2
32,49,   2
32,50,   2
32,51,   2
32,52,   2
32,53,   2
32,54,   2
32,55,   2
32,56,   1
32,57,   1
32,58,   0
32,59,   0
33,0,   0
33,1,   1
33,2,   1
33,3,   1
33,4,   1
33,5,   1
33,6,   1
33,7,   1
33,8,   1
33,9,   1
33,10,   1
33,11,   4
33,12,   5
33,13,   5
33,14,   5
33,15,   7
33,16,   7
33,17,   8
33,18,   8
33,19,   8
33,20,   8
33,21,  10
33,22,  11
33,23,  14
33,24,  14
33,25,  12
33,26,  12
33,27,   8
33,28,   8
33,29,   7
33,30,   7
33,31,   7
33,32,   7
33,33,   5
33,34,   4
33,35,   3
33,36,   3
33,37,   3
33,38,   3
33,39,   3
33,40,   3
33,41,   3
33,42,   3
33,43,   2
33,44,   2
33,45,   2
33,46,   2
33,47,   2
33,48,   2
33,49,   2
33,50,   2
33,51,   2
33,52,   2
33,53,   2
33,54,   2
33,55,   2
33,56,   1
33,57,   1
33,58,   0
33,59,   0
34,0,   0
34,1,   1
34,2,   1
34,3,   1
34,4,   1
34,5,   1
34,6,   1
34,7,   1
34,8,   1
34,9,   1
34,10,   1
34,11,   4
34,12,   5
34,13,   5
34,14,   5
34,15,   7
34,16,   7
34,17,   7
34,18,   7
34,19,   8
34,20,   8
34,21,   9
34,22,  11
34,23,  18
34,24,  17
34,25,  14
34,26,  13
34,27,   9
34,28,   8
34,29,   7
34,30,   7
34,31,   7
34,32,   7
34,33,   5
34,34,   4
34,35,   3
34,36,   3
34,37,   3
34,38,   3
34,39,   3
34,40,   3
34,41,   3
34,42,   3
34,43,   2
34,44,   2
34,45,   2
34,46,   2
34,47,   2
34,48,   2
34,49,   2
34,50,   2
34,51,   2
34,52,   2
34,53,   2
34,54,   2
34,55,   2
34,56,   1
34,57,   1
34,58,   0
34,59,   0
35,0,   0
35,1,   1
35,2,   1
35,3,   1
35,4,   1
35,5,   1
35,6,   1
35,7,   1
35,8,   1
35,9,   1
35,10,   1
35,11,   4
35,12,   5
35,13,   5
35,14,   5
35,15,   7
35,16,   7
35,17,   7
35,18,   7
35,19,   8
35,20,   8
35,21,   9
35,22,  11
35,23,  18
35,24,  17
35,25,  14
35,26,  13
35,27,   9
35,28,   8
35,29,   7
35,30,   7
35,31,   7
35,32,   7
35,33,   5
35,34,   4
35,35,   3
35,36,   3
35,37,   3
35,38,   3
35,39,   3
35,40,   3
35,41,   3
35,42,   3
35,43,   2
35,44,   2
35,45,   2
35,46,   2
35,47,   2
35,48,   2
35,49,   2
35,50,   2
35,51,   2
35,52,   2
35,53,   2
35,54,   2
35,55,   2
35,56,   1
35,57,   1
35,58,   0
35,59,   0
36,0,   0
36,1,   1
36,2,   1
36,3,   1
36,4,   1
36,5,   1
36,6,   1
36,7,   1
36,8,   1
36,9,   1
36,10,   1
36,11,   4
36,12,   5
36,13,   5
36,14,   5
36,15,   7
36,16,   7
36,17,   7
36,18,   7
36,19,   8
36,20,   8
36,21,   9
36,22,  11
36,23,  18
36,24,  17
36,25,  14
36,26,  13
36,27,   9
36,28,   8
36,29,   7
36,30,   7
36,31,   7
36,32,   7
36,33,   5
36,34,   4
36,35,   3
36,36,   3
36,37,   3
36,38,   3
36,39,   3
36,40,   3
36,41,   3
36,42,   3
36,43,   2
36,44,   2
36,45,   2
36,46,   2
36,47,   2
36,48,   2
36,49,   2
36,50,   2
36,51,   2
36,52,   2
36,53,   2
36,54,   2
36,55,   2
36,56,   1
36,57,   1
36,58,   0
36,59,   0
37,0,   0
37,1,   1
37,2,   1
37,3,   1
37,4,   1
37,5,   1
37,6,   1
37,7,   1
37,8,   1
37,9,   1
37,10,   1
37,11,   4
37,12,   5
37,13,   5
37,14,   5
37,15,   7
37,16,   7
37,17,   8
37,18,   8
37,19,   8
37,20,   8
37,21,   9
37,22,  11
37,23,  19
37,24,  17
37,25,  15
37,26,  14
37,27,   9
37,28,   8
37,29,   8
37,30,   8
37,31,   8
37,32,   9
37,33,   6
37,34,   4
37,35,   3
37,36,   3
37,37,   3
37,38,   3
37,39,   3
37,40,   3
37,41,   3
37,42,   3
37,43,   2
37,44,   2
37,45,   2
37,46,   2
37,47,   2
37,48,   2
37,49,   2
37,50,   2
37,51,   2
37,52,   2
37,53,   2
37,54,   2
37,55,   2
37,56,   1
37,57,   1
37,58,   0
37,59,   0
38,0,   0
38,1,   1
38,2,   1
38,3,   1
38,4,   1
38,5,   1
38,6,   1
38,7,   1
38,8,   1
38,9,   1
38,10,   1
38,11,   4
38,12,   5
38,13,   5
38,14,   5
38,15,   7
38,16,   8
38,17,   9
38,18,   9
38,19,   9
38,20,   9
38,21,  11
38,22,  12
38,23,  21
38,24,  22
38,25,  19
38,26,  18
38,27,  14
38,28,  12
38,29,  11
38,30,  10
38,31,  10
38,32,  10
38,33,   7
38,34,   6
38,35,   4
38,36,   4
38,37,   3
38,38,   3
38,39,   3
38,40,   3
38,41,   3
38,42,   3
38,43,   2
38,44,   2
38,45,   2
38,46,   2
38,47,   2
38,48,   2
38,49,   2
38,50,   2
38,51,   2
38,52,   2
38,53,   2
38,54,   2
38,55,   2
38,56,   1
38,57,   1
38,58,   0
38,59,   0
39,0,   0
39,1,   1
39,2,   1
39,3,   1
39,4,   1
39,5,   1
39,6,   1
39,7,   1
39,8,   1
39,9,   1
39,10,   1
39,11,   4
39,12,   5
39,13,   5
39,14,   5
39,15,   7
39,16,   8
39,17,  10
39,18,  11
39,19,  12
39,20,  14
39,21,  17
39,22,  22
39,23,  31
39,24,  29
39,25,  27
39,26,  25
39,27,  22
39,28,  20
39,29,  17
39,30,  17
39,31,  17
39,32,  14
39,33,  10
39,34,   8
39,35,   6
39,36,   4
39,37,   3
39,38,   3
39,39,   3
39,40,   3
39,41,   3
39,42,   3
39,43,   2
39,44,   2
39,45,   2
39,46,   2
39,47,   2
39,48,   2
39,49,   2
39,50,   2
39,51,   2
39,52,   2
39,53,   2
39,54,   2
39,55,   2
39,56,   1
39,57,   1
39,58,   0
39,59,   0
40,0,   0
40,1,   1
40,2,   1
40,3,   1
40,4,   1
40,5,   1
40,6,   1
40,7,   1
40,8,   1
40,9,   1
40,10,   1
40,11,   5
40,12,   5
40,13,   5
40,14,   5
40,15,   6
40,16,   9
40,17,  12
40,18,  13
40,19,  14
40,20,  16
40,21,  26
40,22,  28
40,23,  36
40,24,  41
40,25,  42
40,26,  37
40,27,  32
40,28,  31
40,29,  28
40,30,  25
40,31,  23
40,32,  17
40,33,  13
40,34,  10
40,35,   7
40,36,   5
40,37,   4
40,38,   4
40,39,   4
40,40,   4
40,41,   4
40,42,   4
40,43,   2
40,44,   2
40,45,   2
40,46,   2
40,47,   2
40,48,   2
40,49,   2
40,50,   2
40,51,   2
40,52,   2
40,53,   2
40,54,   2
40,55,   2
40,56,   1
40,57,   1
40,58,   0
40,59,   0
41,0,   0
41,1,   1
41,2,   1
41,3,   1
41,4,   1
41,5,   1
41,6,   1
41,7,   1
41,8,   1
41,9,   1
41,10,   1
41,11,   6
41,12,   9
41,13,   9
41,14,   9
41,15,   9
41,16,  12
41,17,  16
41,18,  17
41,19,  18
41,20,  22
41,21,  33
41,22,  35
41,23,  49
41,24,  53
41,25,  49
41,26,  50
41,27,  49
41,28,  43
41,29,  36
41,30,  33
41,31,  32
41,32,  23
41,33,  17
41,34,  12
41,35,   9
41,36,   7
41,37,   4
41,38,   4
41,39,   4
41,40,   4
41,41,   4
41,42,   4
41,43,   2
41,44,   2
41,45,   2
41,46,   2
41,47,   2
41,48,   2
41,49,   2
41,50,   2
41,51,   2
41,52,   2
41,53,   2
41,54,   2
41,55,   2
41,56,   1
41,57,   1
41,58,   0
41,59,   0
42,0,   0
42,1,   1
42,2,   1
42,3,   1
42,4,   1
42,5,   1
42,6,   1
42,7,   1
42,8,   1
42,9,   1
42,10,   1
42,11,   5
42,12,   7
42,13,   7
42,14,   7
42,15,   8
42,16,  11
42,17,  15
42,18,  16
42,19,  18
42,20,  21
42,21,  33
42,22,  36
42,23,  51
42,24,  53
42,25,  52
42,26,  49
42,27,  50
42,28,  48
42,29,  39
42,30,  39
42,31,  28
42,32,  23
42,33,  17
42,34,  11
42,35,   9
42,36,   8
42,37,   4
42,38,   4
42,39,   4
42,40,   4
42,41,   4
42,42,   4
42,43,   3
42,44,   3
42,45,   3
42,46,   3
42,47,   3
42,48,   3
42,49,   3
42,50,   3
42,51,   3
42,52,   3
42,53,   3
42,54,   3
42,55,   3
42,56,   1
42,57,   1
42,58,   0
42,59,   0
43,0,   0
43,1,   1
43,2,   1
43,3,   1
43,4,   1
43,5,   1
43,6,   1
43,7,   1
43,8,   1
43,9,   1
43,10,   1
43,11,   5
43,12,   7
43,13,   7
43,14,   7
43,15,   7
43,16,   9
43,17,  13
43,18,  15
43,19,  17
43,20,  19
43,21,  30
43,22,  32
43,23,  48
43,24,  43
43,25,  41
43,26,  40
43,27,  37
43,28,  40
43,29,  29
43,30,  30
43,31,  25
43,32,  20
43,33,  15
43,34,  12
43,35,  11
43,36,  10
43,37,   5
43,38,   5
43,39,   5
43,40,   5
43,41,   5
43,42,   5
43,43,   4
43,44,   4
43,45,   4
43,46,   4
43,47,   4
43,48,   4
43,49,   4
43,50,   4
43,51,   4
43,52,   4
43,53,   3
43,54,   3
43,55,   3
43,56,   1
43,57,   1
43,58,   0
43,59,   0
44,0,   0
44,1,   1
44,2,   1
44,3,   1
44,4,   1
44,5,   1
44,6,   1
44,7,   1
44,8,   1
44,9,   1
44,10,   1
44,11,   4
44,12,   6
44,13,   6
44,14,   6
44,15,   6
44,16,   8
44,17,  12
44,18,  16
44,19,  19
44,20,  21
44,21,  29
44,22,  30
44,23,  44
44,24,  40
44,25,  38
44,26,  33
44,27,  31
44,28,  33
44,29,  28
44,30,  30
44,31,  25
44,32,  20
44,33,  17
44,34,  14
44,35,  13
44,36,  13
44,37,   6
44,38,   6
44,39,   6
44,40,   6
44,41,   6
44,42,   6
44,43,   3
44,44,   3
44,45,   3
44,46,   3
44,47,   3
44,48,   3
44,49,   3
44,50,   3
44,51,   3
44,52,   3
44,53,   3
44,54,   3
44,55,   3
44,56,   1
44,57,   1
44,58,   0
44,59,   0
45,0,   0
45,1,   1
45,2,   1
45,3,   1
45,4,   1
45,5,   1
45,6,   1
45,7,   1
45,8,   1
45,9,   1
45,10,   1
45,11,   3
45,12,   5
45,13,   5
45,14,   5
45,15,   5
45,16,   6
45,17,   7
45,18,  10
45,19,  12
45,20,  12
45,21,  14
45,22,  18
45,23,  26
45,24,  24
45,25,  23
45,26,  15
45,27,  15
45,28,  15
45,29,  12
45,30,  12
45,31,  12
45,32,  11
45,33,  11
45,34,   9
45,35,   8
45,36,   7
45,37,   6
45,38,   6
45,39,   6
45,40,   6
45,41,   6
45,42,   6
45,43,   3
45,44,   3
45,45,   3
45,46,   3
45,47,   3
45,48,   3
45,49,   3
45,50,   3
45,51,   3
45,52,   3
45,53,   3
45,54,   3
45,55,   3
45,56,   1
45,57,   1
45,58,   0
45,59,   0
46,0,   0
46,1,   1
46,2,   1
46,3,   1
46,4,   1
46,5,   1
46,6,   1
46,7,   1
46,8,   1
46,9,   1
46,10,   1
46,11,   3
46,12,   5
46,13,   5
46,14,   5
46,15,   5
46,16,   6
46,17,   7
46,18,  10
46,19,  12
46,20,  12
46,21,  14
46,22,  18
46,23,  26
46,24,  24
46,25,  23
46,26,  15
46,27,  15
46,28,  15
46,29,  12
46,30,  12
46,31,  12
46,32,  11
46,33,  11
46,34,   9
46,35,   8
46,36,   7
46,37,   6
46,38,   6
46,39,   6
46,40,   6
46,41,   6
46,42,   6
46,43,   3
46,44,   3
46,45,   3
46,46,   3
46,47,   3
46,48,   3
46,49,   3
46,50,   3
46,51,   3
46,52,   3
46,53,   3
46,54,   3
46,55,   3
46,56,   1
46,57,   1
46,58,   0
46,59,   0
47,0,   0
47,1,   1
47,2,   1
47,3,   1
47,4,   1
47,5,   1
47,6,   1
47,7,   1
47,8,   1
47,9,   1
47,10,   1
47,11,   2
47,12,   4
47,13,   4
47,14,   4
47,15,   4
47,16,   4
47,17,   6
47,18,   7
47,19,   7
47,20,   7
47,21,   8
47,22,  11
47,23,  19
47,24,  17
47,25,  17
47,26,  13
47,27,  13
47,28,  13
47,29,  11
47,30,  12
47,31,  11
47,32,  11
47,33,  11
47,34,   8
47,35,   7
47,36,   8
47,37,   6
47,38,   6
47,39,   6
47,40,   6
47,41,   6
47,42,   6
47,43,   3
47,44,   3
47,45,   3
47,46,   3
47,47,   3
47,48,   3
47,49,   3
47,50,   3
47,51,   3
47,52,   3
47,53,   3
47,54,   3
47,55,   3
47,56,   1
47,57,   1
47,58,   0
47,59,   0
48,0,   0
48,1,   1
48,2,   1
48,3,   1
48,4,   1
48,5,   1
48,6,   1
48,7,   1
48,8,   1
48,9,   1
48,10,   1
48,11,   2
48,12,   3
48,13,   3
48,14,   3
48,15,   3
48,16,   4
48,17,   5
48,18,   6
48,19,   6
48,20,   6
48,21,   7
48,22,   9
48,23,  17
48,24,  16
48,25,  15
48,26,  11
48,27,  12
48,28,  12
48,29,  10
48,30,  10
48,31,  10
48,32,  10
48,33,  10
48,34,   7
48,35,   6
48,36,   6
48,37,   6
48,38,   6
48,39,   6
48,40,   6
48,41,   6
48,42,   6
48,43,   3
48,44,   3
48,45,   3
48,46,   3
48,47,   3
48,48,   3
48,49,   3
48,50,   3
48,51,   3
48,52,   3
48,53,   3
48,54,   3
48,55,   3
48,56,   1
48,57,   1
48,58,   0
48,59,   0
49,0,   0
49,1,   1
49,2,   1
49,3,   1
49,4,   1
49,5,   1
49,6,   1
49,7,   1
49,8,   1
49,9,   1
49,10,   1
49,11,   2
49,12,   3
49,13,   3
49,14,   3
49,15,   3
49,16,   4
49,17,   5
49,18,   6
49,19,   6
49,20,   6
49,21,   7
49,22,   9
49,23,  17
49,24,  16
49,25,  15
49,26,  11
49,27,  12
49,28,  12
49,29,  10
49,30,  10
49,31,  10
49,32,  10
49,33,  10
49,34,   7
49,35,   6
49,36,   6
49,37,   6
49,38,   6
49,39,   6
49,40,   6
49,41,   6
49,42,   6
49,43,   3
49,44,   3
49,45,   3
49,46,   3
49,47,   3
49,48,   3
49,49,   3
49,50,   3
49,51,   3
49,52,   3
49,53,   3
49,54,   3
49,55,   3
49,56,   1
49,57,   1
49,58,   0
49,59,   0
50,0,   0
50,1,   1
50,2,   1
50,3,   1
50,4,   1
50,5,   1
50,6,   1
50,7,   1
50,8,   1
50,9,   1
50,10,   1
50,11,   2
50,12,   3
50,13,   3
50,14,   3
50,15,   3
50,16,   4
50,17,   5
50,18,   6
50,19,   6
50,20,   6
50,21,   7
50,22,   9
50,23,  17
50,24,  16
50,25,  15
50,26,  11
50,27,  12
50,28,  12
50,29,  10
50,30,  10
50,31,  10
50,32,  10
50,33,  10
50,34,   7
50,35,   6
50,36,   6
50,37,   6
50,38,   6
50,39,   6
50,40,   6
50,41,   6
50,42,   6
50,43,   3
50,44,   3
50,45,   3
50,46,   3
50,47,   3
50,48,   3
50,49,   3
50,50,   3
50,51,   3
50,52,   3
50,53,   3
50,54,   3
50,55,   3
50,56,   1
50,57,   1
50,58,   0
50,59,   0
51,0,   0
51,1,   1
51,2,   1
51,3,   1
51,4,   1
51,5,   1
51,6,   1
51,7,   1
51,8,   1
51,9,   1
51,10,   1
51,11,   2
51,12,   3
51,13,   3
51,14,   3
51,15,   3
51,16,   4
51,17,   5
51,18,   6
51,19,   6
51,20,   6
51,21,   7
51,22,   9
51,23,  17
51,24,  16
51,25,  15
51,26,  11
51,27,  12
51,28,  12
51,29,  10
51,30,  10
51,31,  10
51,32,  10
51,33,  10
51,34,   7
51,35,   6
51,36,   6
51,37,   6
51,38,   6
51,39,   6
51,40,   6
51,41,   6
51,42,   6
51,43,   3
51,44,   3
51,45,   3
51,46,   3
51,47,   3
51,48,   3
51,49,   3
51,50,   3
51,51,   3
51,52,   3
51,53,   3
51,54,   3
51,55,   3
51,56,   1
51,57,   1
51,58,   0
51,59,   0
52,0,   0
52,1,   1
52,2,   1
52,3,   1
52,4,   1
52,5,   1
52,6,   1
52,7,   1
52,8,   1
52,9,   1
52,10,   1
52,11,   2
52,12,   3
52,13,   3
52,14,   3
52,15,   3
52,16,   4
52,17,   4
52,18,   4
52,19,   5
52,20,   5
52,21,   6
52,22,   7
52,23,  13
52,24,  13
52,25,  12
52,26,   8
52,27,   9
52,28,   9
52,29,   8
52,30,   8
52,31,   9
52,32,   9
52,33,   9
52,34,   7
52,35,   6
52,36,   6
52,37,   6
52,38,   6
52,39,   6
52,40,   6
52,41,   6
52,42,   6
52,43,   3
52,44,   3
52,45,   3
52,46,   3
52,47,   3
52,48,   3
52,49,   3
52,50,   3
52,51,   3
52,52,   3
52,53,   3
52,54,   3
52,55,   3
52,56,   1
52,57,   1
52,58,   0
52,59,   0
53,0,   0
53,1,   1
53,2,   1
53,3,   1
53,4,   1
53,5,   1
53,6,   1
53,7,   1
53,8,   1
53,9,   1
53,10,   1
53,11,   2
53,12,   3
53,13,   3
53,14,   3
53,15,   3
53,16,   4
53,17,   4
53,18,   4
53,19,   5
53,20,   5
53,21,   6
53,22,   7
53,23,  13
53,24,  13
53,25,  12
53,26,   8
53,27,   9
53,28,   9
53,29,   8
53,30,   8
53,31,   9
53,32,   9
53,33,   9
53,34,   7
53,35,   6
53,36,   6
53,37,   6
53,38,   6
53,39,   6
53,40,   6
53,41,   6
53,42,   6
53,43,   3
53,44,   3
53,45,   3
53,46,   3
53,47,   3
53,48,   3
53,49,   3
53,50,   3
53,51,   3
53,52,   3
53,53,   3
53,54,   3
53,55,   3
53,56,   1
53,57,   1
53,58,   0
53,59,   0
54,0,   0
54,1,   1
54,2,   1
54,3,   1
54,4,   1
54,5,   1
54,6,   1
54,7,   1
54,8,   1
54,9,   1
54,10,   1
54,11,   2
54,12,   2
54,13,   2
54,14,   2
54,15,   2
54,16,   3
54,17,   3
54,18,   4
54,19,   4
54,20,   4
54,21,   5
54,22,   6
54,23,  12
54,24,  11
54,25,  11
54,26,   7
54,27,   7
54,28,   7
54,29,   6
54,30,   6
54,31,   7
54,32,   7
54,33,   7
54,34,   4
54,35,   3
54,36,   3
54,37,   3
54,38,   3
54,39,   3
54,40,   3
54,41,   3
54,42,   3
54,43,   3
54,44,   3
54,45,   3
54,46,   3
54,47,   3
54,48,   3
54,49,   3
54,50,   3
54,51,   3
54,52,   3
54,53,   3
54,54,   3
54,55,   3
54,56,   1
54,57,   1
54,58,   0
54,59,   0
55,0,   0
55,1,   1
55,2,   1
55,3,   1
55,4,   1
55,5,   1
55,6,   1
55,7,   1
55,8,   1
55,9,   1
55,10,   1
55,11,   2
55,12,   2
55,13,   2
55,14,   2
55,15,   2
55,16,   3
55,17,   3
55,18,   4
55,19,   4
55,20,   4
55,21,   5
55,22,   6
55,23,  12
55,24,  11
55,25,  11
55,26,   7
55,27,   7
55,28,   7
55,29,   6
55,30,   6
55,31,   7
55,32,   7
55,33,   7
55,34,   4
55,35,   3
55,36,   3
55,37,   3
55,38,   3
55,39,   3
55,40,   3
55,41,   3
55,42,   3
55,43,   3
55,44,   3
55,45,   3
55,46,   3
55,47,   3
55,48,   3
55,49,   3
55,50,   3
55,51,   3
55,52,   3
55,53,   3
55,54,   3
55,55,   3
55,56,   1
55,57,   1
55,58,   0
55,59,   0
56,0,   0
56,1,   1
56,2,   1
56,3,   1
56,4,   1
56,5,   1
56,6,   1
56,7,   1
56,8,   1
56,9,   1
56,10,   1
56,11,   2
56,12,   2
56,13,   2
56,14,   2
56,15,   2
56,16,   2
56,17,   2
56,18,   3
56,19,   3
56,20,   3
56,21,   3
56,22,   5
56,23,   9
56,24,   7
56,25,   7
56,26,   6
56,27,   6
56,28,   7
56,29,   6
56,30,   6
56,31,   7
56,32,   7
56,33,   7
56,34,   4
56,35,   3
56,36,   3
56,37,   3
56,38,   3
56,39,   3
56,40,   3
56,41,   3
56,42,   3
56,43,   3
56,44,   3
56,45,   3
56,46,   3
56,47,   3
56,48,   3
56,49,   3
56,50,   3
56,51,   3
56,52,   3
56,53,   3
56,54,   3
56,55,   3
56,56,   1
56,57,   1
56,58,   0
56,59,   0
57,0,   0
57,1,   1
57,2,   1
57,3,   1
57,4,   1
57,5,   1
57,6,   1
57,7,   1
57,8,   1
57,9,   1
57,10,   1
57,11,   2
57,12,   2
57,13,   2
57,14,   2
57,15,   2
57,16,   2
57,17,   2
57,18,   3
57,19,   3
57,20,   3
57,21,   3
57,22,   5
57,23,   9
57,24,   7
57,25,   7
57,26,   6
57,27,   6
57,28,   7
57,29,   6
57,30,   6
57,31,   7
57,32,   7
57,33,   7
57,34,   4
57,35,   3
57,36,   3
57,37,   3
57,38,   3
57,39,   3
57,40,   3
57,41,   3
57,42,   3
57,43,   3
57,44,   3
57,45,   3
57,46,   3
57,47,   3
57,48,   3
57,49,   3
57,50,   3
57,51,   3
57,52,   3
57,53,   3
57,54,   3
57,55,   3
57,56,   1
57,57,   1
57,58,   0
57,59,   0
58,0,   0
58,1,   1
58,2,   1
58,3,   1
58,4,   1
58,5,   1
58,6,   1
58,7,   1
58,8,   1
58,9,   1
58,10,   1
58,11,   2
58,12,   2
58,13,   2
58,14,   2
58,15,   2
58,16,   2
58,17,   2
58,18,   3
58,19,   3
58,20,   3
58,21,   3
58,22,   5
58,23,   9
58,24,   7
58,25,   7
58,26,   6
58,27,   6
58,28,   7
58,29,   6
58,30,   6
58,31,   7
58,32,   7
58,33,   7
58,34,   4
58,35,   3
58,36,   3
58,37,   3
58,38,   3
58,39,   3
58,40,   3
58,41,   3
58,42,   3
58,43,   3
58,44,   3
58,45,   3
58,46,   3
58,47,   3
58,48,   3
58,49,   3
58,50,   3
58,51,   3
58,52,   3
58,53,   3
58,54,   3
58,55,   3
58,56,   1
58,57,   1
58,58,   0
58,59,   0
59,0,   0
59,1,   1
59,2,   1
59,3,   1
59,4,   1
59,5,   1
59,6,   1
59,7,   1
59,8,   1
59,9,   1
59,10,   1
59,11,   2
59,12,   2
59,13,   2
59,14,   2
59,15,   2
59,16,   2
59,17,   2
59,18,   3
59,19,   3
59,20,   3
59,21,   3
59,22,   5
59,23,   9
59,24,   7
59,25,   7
59,26,   6
59,27,   6
59,28,   7
59,29,   6
59,30,   6
59,31,   7
59,32,   7
59,33,   7
59,34,   4
59,35,   3
59,36,   3
59,37,   3
59,38,   3
59,39,   3
59,40,   3
59,41,   3
59,42,   3
59,43,   3
59,44,   3
59,45,   3
59,46,   3
59,47,   3
59,48,   3
59,49,   3
59,50,   3
59,51,   3
59,52,   3
59,53,   3
59,54,   3
59,55,   3
59,56,   1
59,57,   1
59,58,   0
59,59,   0
60,0,   0
60,1,   1
60,2,   1
60,3,   1
60,4,   1
60,5,   1
60,6,   1
60,7,   1
60,8,   1
60,9,   1
60,10,   1
60,11,   2
60,12,   2
60,13,   2
60,14,   2
60,15,   2
60,16,   2
60,17,   2
60,18,   3
60,19,   3
60,20,   3
60,21,   3
60,22,   5
60,23,   9
60,24,   7
60,25,   7
60,26,   6
60,27,   6
60,28,   7
60,29,   6
60,30,   6
60,31,   7
60,32,   7
60,33,   7
60,34,   4
60,35,   3
60,36,   3
60,37,   3
60,38,   3
60,39,   3
60,40,   3
60,41,   3
60,42,   3
60,43,   3
60,44,   3
60,45,   3
60,46,   3
60,47,   3
60,48,   3
60,49,   3
60,50,   3
60,51,   3
60,52,   3
60,53,   3
60,54,   3
60,55,   3
60,56,   1
60,57,   1
60,58,   0
60,59,   0
61,0,   0
61,1,   1
61,2,   1
61,3,   1
61,4,   1
61,5,   1
61,6,   1
61,7,   1
61,8,   1
61,9,   1
61,10,   1
61,11,   2
61,12,   2
61,13,   2
61,14,   2
61,15,   2
61,16,   2
61,17,   2
61,18,   2
61,19,   2
61,20,   2
61,21,   2
61,22,   2
61,23,   3
61,24,   3
61,25,   3
61,26,   3
61,27,   3
61,28,   3
61,29,   3
61,30,   3
61,31,   4
61,32,   4
61,33,   4
61,34,   4
61,35,   3
61,36,   3
61,37,   3
61,38,   3
61,39,   3
61,40,   3
61,41,   3
61,42,   3
61,43,   3
61,44,   3
61,45,   3
61,46,   3
61,47,   3
61,48,   3
61,49,   3
61,50,   3
61,51,   3
61,52,   3
61,53,   3
61,54,   3
61,55,   3
61,56,   1
61,57,   1
61,58,   0
61,59,   0
62,0,   0
62,1,   1
62,2,   1
62,3,   1
62,4,   1
62,5,   1
62,6,   1
62,7,   1
62,8,   1
62,9,   1
62,10,   1
62,11,   2
62,12,   2
62,13,   2
62,14,   2
62,15,   2
62,16,   2
62,17,   2
62,18,   2
62,19,   2
62,20,   2
62,21,   2
62,22,   2
62,23,   3
62,24,   3
62,25,   3
62,26,   3
62,27,   3
62,28,   3
62,29,   3
62,30,   3
62,31,   4
62,32,   4
62,33,   4
62,34,   4
62,35,   3
62,36,   3
62,37,   3
62,38,   3
62,39,   3
62,40,   3
62,41,   3
62,42,   3
62,43,   3
62,44,   3
62,45,   3
62,46,   3
62,47,   3
62,48,   3
62,49,   3
62,50,   3
62,51,   3
62,52,   3
62,53,   3
62,54,   3
62,55,   3
62,56,   1
62,57,   1
62,58,   0
62,59,   0
63,0,   0
63,1,   1
63,2,   1
63,3,   1
63,4,   1
63,5,   1
63,6,   1
63,7,   1
63,8,   1
63,9,   1
63,10,   1
63,11,   2
63,12,   2
63,13,   2
63,14,   2
63,15,   2
63,16,   2
63,17,   2
63,18,   2
63,19,   2
63,20,   2
63,21,   2
63,22,   2
63,23,   3
63,24,   3
63,25,   3
63,26,   3
63,27,   3
63,28,   3
63,29,   3
63,30,   3
63,31,   4
63,32,   4
63,33,   4
63,34,   4
63,35,   3
63,36,   3
63,37,   3
63,38,   3
63,39,   3
63,40,   3
63,41,   3
63,42,   3
63,43,   3
63,44,   3
63,45,   3
63,46,   3
63,47,   3
63,48,   3
63,49,   3
63,50,   3
63,51,   3
63,52,   3
63,53,   3
63,54,   3
63,55,   3
63,56,   1
63,57,   1
63,58,   0
63,59,   0
64,0,   0
64,1,   1
64,2,   1
64,3,   1
64,4,   1
64,5,   1
64,6,   1
64,7,   1
64,8,   1
64,9,   1
64,10,   1
64,11,   2
64,12,   2
64,13,   2
64,14,   2
64,15,   2
64,16,   2
64,17,   2
64,18,   2
64,19,   2
64,20,   2
64,21,   2
64,22,   2
64,23,   3
64,24,   3
64,25,   3
64,26,   3
64,27,   3
64,28,   3
64,29,   3
64,30,   3
64,31,   4
64,32,   4
64,33,   4
64,34,   4
64,35,   3
64,36,   3
64,37,   3
64,38,   3
64,39,   3
64,40,   3
64,41,   3
64,42,   3
64,43,   3
64,44,   3
64,45,   3
64,46,   3
64,47,   3
64,48,   3
64,49,   3
64,50,   3
64,51,   3
64,52,   3
64,53,   3
64,54,   3
64,55,   3
64,56,   1
64,57,   1
64,58,   0
64,59,   0
65,0,   0
65,1,   1
65,2,   1
65,3,   1
65,4,   1
65,5,   1
65,6,   1
65,7,   1
65,8,   1
65,9,   1
65,10,   1
65,11,   2
65,12,   2
65,13,   2
65,14,   2
65,15,   2
65,16,   2
65,17,   2
65,18,   2
65,19,   2
65,20,   2
65,21,   2
65,22,   2
65,23,   3
65,24,   3
65,25,   3
65,26,   3
65,27,   3
65,28,   3
65,29,   3
65,30,   3
65,31,   4
65,32,   4
65,33,   4
65,34,   4
65,35,   3
65,36,   3
65,37,   3
65,38,   3
65,39,   3
65,40,   3
65,41,   3
65,42,   3
65,43,   3
65,44,   3
65,45,   3
65,46,   3
65,47,   3
65,48,   3
65,49,   3
65,50,   3
65,51,   3
65,52,   3
65,53,   3
65,54,   3
65,55,   3
65,56,   1
65,57,   1
65,58,   0
65,59,   0
66,0,   0
66,1,   1
66,2,   1
66,3,   1
66,4,   1
66,5,   1
66,6,   1
66,7,   1
66,8,   1
66,9,   1
66,10,   1
66,11,   2
66,12,   2
66,13,   2
66,14,   2
66,15,   2
66,16,   2
66,17,   2
66,18,   2
66,19,   2
66,20,   2
66,21,   2
66,22,   2
66,23,   3
66,24,   3
66,25,   3
66,26,   3
66,27,   3
66,28,   3
66,29,   3
66,30,   3
66,31,   4
66,32,   4
66,33,   4
66,34,   4
66,35,   3
66,36,   3
66,37,   3
66,38,   3
66,39,   3
66,40,   3
66,41,   3
66,42,   3
66,43,   3
66,44,   3
66,45,   3
66,46,   3
66,47,   3
66,48,   3
66,49,   3
66,50,   3
66,51,   3
66,52,   3
66,53,   3
66,54,   3
66,55,   3
66,56,   1
66,57,   1
66,58,   0
66,59,   0
67,0,   0
67,1,   1
67,2,   1
67,3,   1
67,4,   1
67,5,   1
67,6,   1
67,7,   1
67,8,   1
67,9,   1
67,10,   1
67,11,   2
67,12,   2
67,13,   2
67,14,   2
67,15,   2
67,16,   2
67,17,   2
67,18,   2
67,19,   2
67,20,   2
67,21,   2
67,22,   2
67,23,   3
67,24,   3
67,25,   3
67,26,   3
67,27,   3
67,28,   3
67,29,   3
67,30,   3
67,31,   4
67,32,   4
67,33,   4
67,34,   4
67,35,   3
67,36,   3
67,37,   3
67,38,   3
67,39,   3
67,40,   3
67,41,   3
67,42,   3
67,43,   3
67,44,   3
67,45,   3
67,46,   3
67,47,   3
67,48,   3
67,49,   3
67,50,   3
67,51,   3
67,52,   3
67,53,   3
67,54,   3
67,55,   3
67,56,   1
67,57,   1
67,58,   0
67,59,   0
68,0,   0
68,1,   1
68,2,   1
68,3,   1
68,4,   1
68,5,   1
68,6,   1
68,7,   1
68,8,   1
68,9,   1
68,10,   1
68,11,   2
68,12,   2
68,13,   2
68,14,   2
68,15,   2
68,16,   2
68,17,   2
68,18,   2
68,19,   2
68,20,   2
68,21,   2
68,22,   2
68,23,   3
68,24,   3
68,25,   3
68,26,   3
68,27,   3
68,28,   3
68,29,   3
68,30,   3
68,31,   4
68,32,   4
68,33,   4
68,34,   4
68,35,   3
68,36,   3
68,37,   3
68,38,   3
68,39,   3
68,40,   3
68,41,   3
68,42,   3
68,43,   3
68,44,   3
68,45,   3
68,46,   3
68,47,   3
68,48,   3
68,49,   3
68,50,   3
68,51,   3
68,52,   3
68,53,   3
68,54,   3
68,55,   3
68,56,   1
68,57,   1
68,58,   0
68,59,   0
69,0,   0
69,1,   1
69,2,   1
69,3,   1
69,4,   1
69,5,   1
69,6,   1
69,7,   1
69,8,   1
69,9,   1
69,10,   1
69,11,   2
69,12,   2
69,13,   2
69,14,   2
69,15,   2
69,16,   2
69,17,   2
69,18,   2
69,19,   2
69,20,   2
69,21,   2
69,22,   2
69,23,   3
69,24,   3
69,25,   3
69,26,   3
69,27,   3
69,28,   3
69,29,   3
69,30,   3
69,31,   4
69,32,   4
69,33,   4
69,34,   4
69,35,   3
69,36,   3
69,37,   3
69,38,   3
69,39,   3
69,40,   3
69,41,   3
69,42,   3
69,43,   3
69,44,   3
69,45,   3
69,46,   3
69,47,   3
69,48,   3
69,49,   3
69,50,   3
69,51,   3
69,52,   3
69,53,   3
69,54,   3
69,55,   3
69,56,   1
69,57,   1
69,58,   0
69,59,   0
70,0,   0
70,1,   0
70,2,   0
70,3,   0
70,4,   0
70,5,   0
70,6,   0
70,7,   0
70,8,   0
70,9,   0
70,10,   0
70,11,   0
70,12,   0
70,13,   0
70,14,   0
70,15,   0
70,16,   0
70,17,   0
70,18,   0
70,19,   0
70,20,   0
70,21,   0
70,22,   0
70,23,   0
70,24,   0
70,25,   0
70,26,   0
70,27,   0
70,28,   0
70,29,   0
70,30,   0
70,31,   0
70,32,   0
70,33,   0
70,34,   0
70,35,   0
70,36,   0
70,37,   0
70,38,   0
70,39,   0
70,40,   0
70,41,   0
70,42,   0
70,43,   0
70,44,   0
70,45,   0
70,46,   0
70,47,   0
70,48,   0
70,49,   0
70,50,   0
70,51,   0
70,52,   0
70,53,   0
70,54,   0
70,55,   0
70,56,   0
70,57,   0
70,58,   0
70,59,   0
71,0,   0
71,1,   0
71,2,   0
71,3,   0
71,4,   0
71,5,   0
71,6,   0
71,7,   0
71,8,   0
71,9,   0
71,10,   0
71,11,   0
71,12,   0
71,13,   0
71,14,   0
71,15,   0
71,16,   0
71,17,   0
71,18,   0
71,19,   0
71,20,   0
71,21,   0
71,22,   0
71,23,   0
71,24,   0
71,25,   0
71,26,   0
71,27,   0
71,28,   0
71,29,   0
71,30,   0
71,31,   0
71,32,   0
71,33,   0
71,34,   0
71,35,   0
71,36,   0
71,37,   0
71,38,   0
71,39,   0
71,40,   0
71,41,   0
71,42,   0
71,43,   0
71,44,   0
71,45,   0
71,46,   0
71,47,   0
71,48,   0
71,49,   0
71,50,   0
71,51,   0
71,52,   0
71,53,   0
71,54,   0
71,55,   0
71,56,   0
71,57,   0
71,58,   0
71,59,   0
72,0,   0
72,1,   0
72,2,   0
72,3,   0
72,4,   0
72,5,   0
72,6,   0
72,7,   0
72,8,   0
72,9,   0
72,10,   0
72,11,   0
72,12,   0
72,13,   0
72,14,   0
72,15,   0
72,16,   0
72,17,   0
72,18,   0
72,19,   0
72,20,   0
72,21,   0
72,22,   0
72,23,   0
72,24,   0
72,25,   0
72,26,   0
72,27,   0
72,28,   0
72,29,   0
72,30,   0
72,31,   0
72,32,   0
72,33,   0
72,34,   0
72,35,   0
72,36,   0
72,37,   0
72,38,   0
72,39,   0
72,40,   0
72,41,   0
72,42,   0
72,43,   0
72,44,   0
72,45,   0
72,46,   0
72,47,   0
72,48,   0
72,49,   0
72,50,   0
72,51,   0
72,52,   0
72,53,   0
72,54,   0
72,55,   0
72,56,   0
72,57,   0
72,58,   0
72,59,   0
73,0,   0
73,1,   0
73,2,   0
73,3,   0
73,4,   0
73,5,   0
73,6,   0
73,7,   0
73,8,   0
73,9,   0
73,10,   0
73,11,   0
73,12,   0
73,13,   0
73,14,   0
73,15,   0
73,16,   0
73,17,   0
73,18,   0
73,19,   0
73,20,   0
73,21,   0
73,22,   0
73,23,   0
73,24,   0
73,25,   0
73,26,   0
73,27,   0
73,28,   0
73,29,   0
73,30,   0
73,31,   0
73,32,   0
73,33,   0
73,34,   0
73,35,   0
73,36,   0
73,37,   0
73,38,   0
73,39,   0
73,40,   0
73,41,   0
73,42,   0
73,43,   0
73,44,   0
73,45,   0
73,46,   0
73,47,   0
73,48,   0
73,49,   0
73,50,   0
73,51,   0
73,52,   0
73,53,   0
73,54,   0
73,55,   0
73,56,   0
73,57,   0
73,58,   0
73,59,   0
74,0,   0
74,1,   0
74,2,   0
74,3,   0
74,4,   0
74,5,   0
74,6,   0
74,7,   0
74,8,   0
74,9,   0
74,10,   0
74,11,   0
74,12,   0
74,13,   0
74,14,   0
74,15,   0
74,16,   0
74,17,   0
74,18,   0
74,19,   0
74,20,   0
74,21,   0
74,22,   0
74,23,   0
74,24,   0
74,25,   0
74,26,   0
74,27,   0
74,28,   0
74,29,   0
74,30,   0
74,31,   0
74,32,   0
74,33,   0
74,34,   0
74,35,   0
74,36,   0
74,37,   0
74,38,   0
74,39,   0
74,40,   0
74,41,   0
74,42,   0
74,43,   0
74,44,   0
74,45,   0
74,46,   0
74,47,   0
74,48,   0
74,49,   0
74,50,   0
74,51,   0
74,52,   0
74,53,   0
74,54,   0
74,55,   0
74,56,   0
74,57,   0
74,58,   0
74,59,   0
75,0,   0
75,1,   0
75,2,   0
75,3,   0
75,4,   0
75,5,   0
75,6,   0
75,7,   0
75,8,   0
75,9,   0
75,10,   0
75,11,   0
75,12,   0
75,13,   0
75,14,   0
75,15,   0
75,16,   0
75,17,   0
75,18,   0
75,19,   0
75,20,   0
75,21,   0
75,22,   0
75,23,   0
75,24,   0
75,25,   0
75,26,   0
75,27,   0
75,28,   0
75,29,   0
75,30,   0
75,31,   0
75,32,   0
75,33,   0
75,34,   0
75,35,   0
75,36,   0
75,37,   0
75,38,   0
75,39,   0
75,40,   0
75,41,   0
75,42,   0
75,43,   0
75,44,   0
75,45,   0
75,46,   0
75,47,   0
75,48,   0
75,49,   0
75,50,   0
75,51,   0
75,52,   0
75,53,   0
75,54,   0
75,55,   0
75,56,   0
75,57,   0
75,58,   0
75,59,   0
76,0,   0
76,1,   0
76,2,   0
76,3,   0
76,4,   0
76,5,   0
76,6,   0
76,7,   0
76,8,   0
76,9,   0
76,10,   0
76,11,   0
76,12,   0
76,13,   0
76,14,   0
76,15,   0
76,16,   0
76,17,   0
76,18,   0
76,19,   0
76,20,   0
76,21,   0
76,22,   0
76,23,   0
76,24,   0
76,25,   0
76,26,   0
76,27,   0
76,28,   0
76,29,   0
76,30,   0
76,31,   0
76,32,   0
76,33,   0
76,34,   0
76,35,   0
76,36,   0
76,37,   0
76,38,   0
76,39,   0
76,40,   0
76,41,   0
76,42,   0
76,43,   0
76,44,   0
76,45,   0
76,46,   0
76,47,   0
76,48,   0
76,49,   0
76,50,   0
76,51,   0
76,52,   0
76,53,   0
76,54,   0
76,55,   0
76,56,   0
76,57,   0
76,58,   0
76,59,   0
77,0,   0
77,1,   0
77,2,   0
77,3,   0
77,4,   0
77,5,   0
77,6,   0
77,7,   0
77,8,   0
77,9,   0
77,10,   0
77,11,   0
77,12,   0
77,13,   0
77,14,   0
77,15,   0
77,16,   0
77,17,   0
77,18,   0
77,19,   0
77,20,   0
77,21,   0
77,22,   0
77,23,   0
77,24,   0
77,25,   0
77,26,   0
77,27,   0
77,28,   0
77,29,   0
77,30,   0
77,31,   0
77,32,   0
77,33,   0
77,34,   0
77,35,   0
77,36,   0
77,37,   0
77,38,   0
77,39,   0
77,40,   0
77,41,   0
77,42,   0
77,43,   0
77,44,   0
77,45,   0
77,46,   0
77,47,   0
77,48,   0
77,49,   0
77,50,   0
77,51,   0
77,52,   0
77,53,   0
77,54,   0
77,55,   0
77,56,   0
77,57,   0
77,58,   0
77,59,   0
78,0,   0
78,1,   0
78,2,   0
78,3,   0
78,4,   0
78,5,   0
78,6,   0
78,7,   0
78,8,   0
78,9,   0
78,10,   0
78,11,   0
78,12,   0
78,13,   0
78,14,   0
78,15,   0
78,16,   0
78,17,   0
78,18,   0
78,19,   0
78,20,   0
78,21,   0
78,22,   0
78,23,   0
78,24,   0
78,25,   0
78,26,   0
78,27,   0
78,28,   0
78,29,   0
78,30,   0
78,31,   0
78,32,   0
78,33,   0
78,34,   0
78,35,   0
78,36,   0
78,37,   0
78,38,   0
78,39,   0
78,40,   0
78,41,   0
78,42,   0
78,43,   0
78,44,   0
78,45,   0
78,46,   0
78,47,   0
78,48,   0
78,49,   0
78,50,   0
78,51,   0
78,52,   0
78,53,   0
78,54,   0
78,55,   0
78,56,   0
78,57,   0
78,58,   0
78,59,   0
79,0,   0
79,1,   0
79,2,   0
79,3,   0
79,4,   0
79,5,   0
79,6,   0
79,7,   0
79,8,   0
79,9,   0
79,10,   0
79,11,   0
79,12,   0
79,13,   0
79,14,   0
79,15,   0
79,16,   0
79,17,   0
79,18,   0
79,19,   0
79,20,   0
79,21,   0
79,22,   0
79,23,   0
79,24,   0
79,25,   0
79,26,   0
79,27,   0
79,28,   0
79,29,   0
79,30,   0
79,31,   0
79,32,   0
79,33,   0
79,34,   0
79,35,   0
79,36,   0
79,37,   0
79,38,   0
79,39,   0
79,40,   0
79,41,   0
79,42,   0
79,43,   0
79,44,   0
79,45,   0
79,46,   0
79,47,   0
79,48,   0
79,49,   0
79,50,   0
79,51,   0
79,52,   0
79,53,   0
79,54,   0
79,55,   0
79,56,   0
79,57,   0
79,58,   0
79,59,   0
80,0,   0
80,1,   0
80,2,   0
80,3,   0
80,4,   0
80,5,   0
80,6,   0
80,7,   0
80,8,   0
80,9,   0
80,10,   0
80,11,   0
80,12,   0
80,13,   0
80,14,   0
80,15,   0
80,16,   0
80,17,   0
80,18,   0
80,19,   0
80,20,   0
80,21,   0
80,22,   0
80,23,   0
80,24,   0
80,25,   0
80,26,   0
80,27,   0
80,28,   0
80,29,   0
80,30,   0
80,31,   0
80,32,   0
80,33,   0
80,34,   0
80,35,   0
80,36,   0
80,37,   0
80,38,   0
80,39,   0
80,40,   0
80,41,   0
80,42,   0
80,43,   0
80,44,   0
80,45,   0
80,46,   0
80,47,   0
80,48,   0
80,49,   0
80,50,   0
80,51,   0
80,52,   0
80,53,   0
80,54,   0
80,55,   0
80,56,   0
80,57,   0
80,58,   0
80,59,   0
