45,29,1,43,29
90,45,24,52,58
0,43,28,43,29
121,43,28,45,32
35,41,24,43,29
34,43,23,52,29
206,39,22,41,23
46,39,22,45,24
207,39,22,48,22
208,32,22,39,25
209,39,22,44,31
210,39,22,41,23
211,39,22,44,31
81,40,24,45,24
259,44,18,44,27
94,43,22,48,28
179,29,12,48,37
89,45,24,47,24
95,29,11,52,28
91,29,12,48,37
168,47,23,52,24
203,39,19,47,27
272,42,23,61,25
4,41,11,61,34
273,47,24,47,26
274,43,24,47,26
160,47,23,52,24
177,29,12,47,26
275,24,24,47,33
279,38,23,45,37
157,44,23,52,31
80,44,24,45,31
161,44,23,52,31
280,41,21,44,32
268,40,20,61,37
88,32,21,45,31
281,29,12,54,43
282,41,20,45,37
287,24,25,43,33
17,41,27,43,29
11,41,27,43,29
288,41,22,45,27
115,39,22,45,37
55,41,24,45,27
260,41,22,48,37
289,39,23,42,32
290,41,27,45,30
32,43,26,45,29
8,41,23,70,56
40,41,22,61,29
68,45,24,45,26
9,43,26,45,29
128,40,22,48,37
22,43,26,45,29
39,41,18,45,29
23,43,26,45,29
26,39,17,52,31
3,34,23,61,34
124,40,21,45,26
291,40,11,45,36
292,43,26,45,32
103,43,23,52,28
126,41,21,45,37
176,39,22,42,24
136,37,17,52,33
172,42,23,52,24
166,42,23,52,24
104,42,22,48,37
294,42,24,43,33
295,42,23,56,26
38,39,22,45,29
28,42,22,52,29
112,42,24,43,28
143,41,24,42,24
29,14,15,61,29
33,43,24,61,29
148,41,23,61,27
170,52,23,61,24
162,52,23,61,24
138,41,23,61,26
151,41,24,61,24
2,12,22,61,29
106,12,18,61,29
122,41,22,61,26
140,41,24,61,29
165,52,23,61,24
31,12,22,61,29
153,44,21,61,26
13,43,29,43,30
85,43,24,45,30
308,12,23,43,34
247,24,27,44,33
301,12,23,44,30
310,12,23,44,24
98,39,24,43,28
307,39,24,43,30
145,39,24,41,24
311,39,22,44,24
18,39,24,43,29
219,39,24,43,34
312,12,23,43,33
180,39,11,45,24
215,14,15,40,24
47,41,23,45,37
86,41,23,45,24
315,32,23,41,25
120,41,23,43,28
116,41,23,43,28
125,41,23,45,37
316,41,11,45,23
185,29,12,54,43
96,41,22,48,37
142,41,18,47,26
24,43,23,47,29
147,40,21,70,56
323,42,16,47,23
141,41,23,47,24
14,43,23,47,29
324,40,21,54,43
325,41,23,47,25
137,40,16,61,32
139,41,22,52,25
326,42,16,70,56
133,41,23,47,24
327,24,23,47,33
67,29,12,70,56
154,42,23,52,23
61,42,23,45,24
93,42,17,44,28
66,42,23,45,24
333,42,22,47,26
191,39,17,44,25
344,14,15,43,33
227,14,15,40,24
84,14,15,45,24
218,12,15,61,37
214,14,15,48,24
146,14,15,41,24
345,14,15,42,30
131,41,24,43,25
349,43,23,45,25
50,43,23,45,25
319,39,21,54,43
239,40,22,48,31
355,12,16,42,27
108,12,16,70,56
303,42,16,43,30
230,40,16,42,24
278,29,12,45,31
233,40,16,42,24
16,42,16,43,29
356,12,16,44,25
317,42,16,70,56
357,34,16,47,26
232,40,16,42,24
27,41,22,61,29
368,41,25,42,27
304,42,27,43,30
369,41,26,42,27
370,40,25,42,27
371,41,26,42,27
123,41,23,70,56
220,40,24,43,32
372,24,32,43,33
373,12,25,42,33
374,37,31,61,34
306,37,30,43,33
53,37,23,45,33
375,12,23,40,33
305,37,30,43,33
376,12,23,38,35
381,39,31,42,32
255,39,27,44,31
63,39,24,45,31
173,39,23,52,31
261,39,11,54,43
382,39,31,42,32
54,39,24,45,31
383,39,31,42,32
384,39,23,45,31
264,12,22,48,32
390,42,26,45,30
42,38,17,44,29
225,40,24,42,26
164,42,23,52,26
331,39,21,44,31
285,40,23,47,36
365,40,23,43,28
217,40,24,42,30
30,41,23,61,34
37,43,29,61,34
297,43,30,61,34
329,40,23,61,36
101,43,28,61,34
395,44,23,61,34
99,39,28,61,34
105,12,21,61,34
398,40,28,70,35
200,39,22,40,28
300,40,28,43,30
399,40,28,40,36
400,24,28,70,56
401,40,21,44,28
100,40,21,54,43
402,12,23,42,28
403,40,21,44,28
404,40,25,41,28
286,40,27,43,34
409,41,30,43,32
224,40,24,41,30
235,40,24,41,30
410,39,30,41,30
411,41,30,43,33
237,40,24,41,30
296,41,30,45,32
36,43,29,43,32
299,43,30,43,32
231,37,24,45,33
414,43,32,70,56
109,43,28,45,32
393,42,30,61,34
420,42,30,45,31
111,40,24,43,30
10,12,23,43,30
271,45,22,47,24
435,45,1,47,22
97,40,19,47,28
188,39,22,47,32
181,29,11,48,27
183,39,18,47,26
189,39,19,47,26
72,38,11,45,35
444,39,20,42,28
445,42,21,52,58
152,42,18,52,23
276,42,21,44,31
446,42,21,56,26
149,29,12,45,27
320,44,19,47,23
430,44,19,45,22
71,43,18,45,26
249,44,19,44,27
25,43,19,44,29
107,12,19,61,28
425,42,22,45,32
454,41,25,42,32
379,39,31,42,32
423,42,22,45,32
284,41,27,42,32
388,42,26,42,32
429,42,22,45,32
69,42,24,45,32
65,42,24,45,25
150,41,24,42,25
130,41,24,42,25
129,41,24,42,25
132,41,24,42,25
459,42,25,47,26
367,40,25,42,27
442,40,21,42,25
76,39,20,45,25
337,14,15,40,25
222,40,24,40,25
460,40,25,43,33
359,41,26,42,27
464,41,26,43,34
465,34,23,41,26
223,40,24,41,26
366,34,23,42,27
321,47,23,70,56
234,40,24,70,56
155,52,23,70,56
470,43,34,70,56
43,43,29,70,56
322,44,18,47,23
82,44,18,45,24
48,29,12,47,26
351,42,16,45,30
184,32,17,44,25
236,40,24,43,31
175,43,23,52,31
462,41,26,43,31
197,39,22,43,31
196,39,22,43,31
178,39,22,43,31
62,43,23,45,24
83,43,23,45,24
482,12,23,43,27
328,14,15,45,34
495,41,11,43,34
277,41,11,44,31
496,41,11,44,21
500,43,34,54,43
256,44,27,54,43
248,44,27,54,43
253,44,27,54,43
252,44,27,54,43
242,44,27,54,43
202,32,17,54,43
58,29,12,54,43
489,29,11,41,12
494,29,11,41,12
240,29,12,44,27
182,29,12,47,35
258,29,12,44,27
507,29,12,41,25
266,29,12,48,22
458,29,12,42,25
483,29,11,41,12
244,41,27,44,29
251,41,27,44,29
187,39,22,41,29
159,41,23,52,29
241,41,27,44,29
212,12,24,40,27
343,12,15,14,27
135,12,24,41,27
195,12,22,39,27
389,12,26,42,27
127,12,24,41,27
194,12,22,39,27
213,12,24,40,27
52,12,24,45,27
330,42,23,43,26
432,43,22,45,26
250,43,26,44,27
167,45,23,52,37
472,44,18,45,37
118,43,28,45,37
92,43,28,45,37
117,43,28,45,37
336,14,15,39,30
338,14,15,39,30
415,39,30,42,30
519,39,30,43,33
199,39,17,44,22
521,44,17,45,23
70,44,17,45,24
156,44,17,52,23
64,44,17,45,24
293,42,17,44,24
51,44,17,45,24
186,39,17,44,22
198,39,17,47,29
522,41,17,44,20
523,44,17,44,21
267,44,17,48,22
190,39,17,44,22
353,42,16,45,30
534,45,30,45,31
535,43,30,45,34
546,10,34,43,58
332,38,23,42,35
440,38,21,42,35
407,38,30,70,56
265,38,22,48,36
469,43,33,70,56
524,41,25,45,33
467,43,33,70,56
552,43,31,45,33
529,43,30,45,33
527,43,30,45,33
417,42,30,43,33
56,41,11,54,43
553,43,31,45,33
283,41,27,43,33
555,32,21,40,25
493,32,11,41,25
513,32,25,45,37
87,32,21,45,25
514,32,25,45,37
517,32,25,45,37
502,29,12,32,25
556,32,21,40,25
506,29,12,32,25
163,44,23,52,23
558,12,23,44,23
392,12,23,61,34
309,39,23,44,24
134,12,23,41,24
538,12,23,43,34
466,12,23,70,56
114,12,23,43,28
486,41,11,47,26
476,44,18,47,26
475,44,18,47,26
49,42,19,47,26
358,41,27,42,28
361,41,27,42,28
364,41,27,42,28
363,41,27,42,28
566,22,28,41,58
360,38,27,42,35
537,41,20,43,34
539,41,20,43,34
428,41,20,45,22
270,41,20,47,24
192,39,20,41,22
542,41,20,43,34
350,41,16,43,31
79,41,20,45,24
201,39,20,41,22
487,41,11,54,43
565,41,25,41,28
455,41,25,42,25
443,41,21,42,25
441,41,21,42,25
378,39,25,41,31
226,40,24,41,25
532,41,25,45,30
313,41,23,41,25
563,41,25,41,28
396,40,25,41,28
419,42,30,45,31
570,27,31,45,58
571,45,31,71,58
531,45,30,45,31
229,40,24,45,31
113,43,28,45,31
416,42,30,45,31
254,44,23,45,27
431,45,22,45,23
169,45,23,52,23
438,42,21,45,23
452,42,23,45,32
562,41,23,45,28
497,45,23,54,43
491,24,11,41,33
564,24,28,41,33
298,24,30,43,33
510,24,26,43,33
302,24,30,43,33
541,24,33,43,34
424,24,22,45,33
340,14,15,34,23
461,34,23,41,26
221,34,23,40,24
362,34,23,42,27
216,34,23,40,24
73,34,23,45,27
463,34,23,41,26
238,34,23,40,24
341,14,15,34,23
339,14,15,34,23
228,14,15,40,24
335,14,15,34,23
15,43,29,44,29
457,42,25,44,29
550,43,29,44,33
515,44,29,45,37
386,42,26,44,29
518,44,29,45,37
456,42,25,44,29
119,43,28,44,29
516,44,29,45,37
20,43,29,44,29
21,43,29,44,29
110,43,28,44,29
551,43,29,44,33
77,44,24,45,29
449,44,19,44,21
492,41,11,44,21
433,44,21,45,22
436,42,21,44,21
480,43,21,44,23
387,42,21,45,26
450,44,19,44,21
269,44,21,47,24
505,29,12,56,26
474,44,18,56,26
473,44,18,56,26
504,29,12,56,26
561,41,26,56,28
503,29,12,56,26
60,45,24,56,26
6,42,23,56,29
171,52,23,56,26
572,45,23,56,26
174,42,23,56,32
501,29,12,56,26
158,52,23,56,26
59,45,24,56,26
471,44,18,56,26
536,40,21,43,34
243,40,21,44,27
540,40,21,43,34
512,40,21,43,26
426,40,21,45,22
422,40,21,45,22
257,40,21,44,27
421,40,21,45,22
246,40,21,44,27
245,40,21,44,27
434,40,21,45,22
554,32,21,40,25
427,40,21,45,22
413,40,21,43,32
347,40,21,43,25
405,41,28,42,30
478,42,28,43,31
490,41,11,54,43
314,41,23,42,28
394,42,28,61,34
408,41,28,42,30
484,41,11,42,28
477,42,28,43,31
511,42,26,43,28
391,42,28,61,34
576,42,21,44,28
406,41,28,42,30
488,41,11,42,28
485,41,11,54,43
479,42,28,43,31
380,39,31,40,36
377,39,31,40,36
499,40,36,54,43
575,40,29,44,36
498,40,36,54,43
439,40,21,42,36
543,40,34,43,36
348,40,25,43,31
346,40,25,43,31
453,40,31,42,32
451,40,31,42,32
560,40,28,41,31
354,38,16,42,24
533,38,24,45,30
509,12,24,38,27
525,38,24,45,30
508,12,24,38,27
352,38,16,42,24
530,38,24,45,30
318,38,23,47,24
567,38,24,45,31
526,38,24,45,30
528,38,24,45,30
334,14,15,39,28
544,39,28,43,34
559,12,23,39,28
144,39,24,43,30
577,39,21,40,28
578,39,21,40,28
581,38,24,39,28
583,38,24,39,28
342,14,15,44,28
582,38,24,39,28
545,39,28,43,34
557,39,23,44,28
262,48,22,70,35
263,48,22,70,35
569,45,31,70,35
568,45,31,70,35
397,40,28,70,35
193,39,22,70,35
468,40,35,70,56
448,40,19,44,35
547,38,35,40,35
447,40,19,44,35
549,38,35,40,35
579,40,35,40,36
481,40,23,43,35
574,24,33,40,35
548,38,35,40,35
580,40,35,40,36
418,40,30,42,35
573,24,33,40,35
385,40,17,42,26
520,40,17,44,17
437,42,21,44,22
412,43,32,44,53
5,12,1,70,56
1,12,11,70,58
204,12,11,70,58
205,12,11,70,58
57,12,1,70,56
74,12,1,70,56
75,12,1,70,56
12,12,1,70,56
102,12,1,70,56
19,12,11,70,58
78,12,11,70,58
44,12,11,70,58
7,12,11,70,58
41,12,12,70,58
