10,58,10,34,43,58,0,0,0,0
12,23,12,1,70,58,12,23,70,56
12,27,12,1,70,58,12,15,45,27
14,15,12,1,70,58,12,15,61,37
22,58,22,28,41,58,0,0,0,0
24,33,12,1,70,58,24,11,45,34
27,58,27,31,45,58,0,0,0,0
29,1,29,1,43,29,0,0,0,0
29,12,12,1,70,58,29,11,48,35
29,58,0,0,0,0,12,11,70,58
32,25,12,1,70,58,29,11,45,37
33,1,0,0,0,0,12,1,70,56
34,23,12,1,70,58,14,15,45,27
34,58,0,0,0,0,12,11,70,58
35,1,0,0,0,0,12,1,70,56
36,1,0,0,0,0,12,1,70,56
36,58,0,0,0,0,12,11,70,58
37,33,12,1,70,58,12,23,61,35
37,58,0,0,0,0,12,11,70,58
38,1,0,0,0,0,12,1,70,56
38,24,12,1,70,58,12,16,47,31
38,35,12,1,70,58,38,21,70,56
38,58,0,0,0,0,12,12,70,58
39,22,12,1,70,58,32,22,48,31
39,24,12,1,70,58,12,11,45,34
39,28,12,1,70,58,12,15,44,34
39,30,12,1,70,58,14,15,43,33
39,31,12,1,70,58,12,11,54,43
40,17,12,1,70,58,40,17,44,26
40,21,12,1,70,58,32,21,45,34
40,24,12,1,70,58,40,24,45,24
40,25,12,1,70,58,14,15,45,33
40,28,12,1,70,58,12,21,70,56
40,31,12,1,70,58,40,25,43,32
40,35,12,1,70,58,24,19,70,56
40,36,12,1,70,58,39,21,54,43
41,11,12,1,70,58,41,11,44,34
41,20,12,1,70,58,39,11,54,43
41,23,12,1,70,58,29,11,54,43
41,24,12,1,70,58,41,24,43,29
41,25,12,1,70,58,39,21,45,31
41,26,12,1,70,58,34,23,43,34
41,27,12,1,70,58,24,22,48,37
41,28,12,1,70,58,22,27,42,58
41,29,12,1,70,58,39,22,52,29
41,30,12,1,70,58,39,24,45,33
42,16,12,1,70,58,12,12,70,56
42,21,12,1,70,58,38,11,56,58
42,23,12,1,70,58,29,12,70,56
42,24,12,1,70,58,37,17,56,37
42,25,12,1,70,58,41,24,47,26
42,26,12,1,70,58,38,17,52,36
42,27,12,1,70,58,40,22,70,56
42,28,12,1,70,58,41,11,61,43
42,30,12,1,70,58,12,23,61,34
42,32,12,1,70,58,39,22,45,32
43,1,0,0,0,0,12,1,70,56
43,23,12,1,70,58,12,15,45,34
43,25,12,1,70,58,39,21,54,43
43,26,12,1,70,58,42,22,45,27
43,28,12,1,70,58,43,28,45,32
43,29,12,1,70,58,29,1,43,29
43,30,12,1,70,58,12,23,45,34
43,31,12,1,70,58,39,22,52,31
43,32,12,1,70,58,37,24,70,56
43,33,12,1,70,58,41,11,70,56
43,34,12,1,70,58,10,34,43,58
44,17,12,1,70,58,39,17,52,29
44,18,12,1,70,58,29,12,47,30
44,19,12,1,70,58,12,12,61,29
44,21,12,1,70,58,41,11,47,26
44,22,12,1,70,58,42,21,44,22
44,23,12,1,70,58,12,23,61,34
44,27,12,1,70,58,44,18,44,27
44,29,12,1,70,58,42,24,45,37
44,31,12,1,70,58,29,12,61,43
44,53,12,1,70,58,43,32,44,53
45,22,12,1,70,58,29,1,48,32
45,23,12,1,70,58,41,21,54,43
45,24,12,1,70,58,45,24,52,58
45,26,12,1,70,58,34,11,70,56
45,30,12,1,70,58,42,16,45,34
45,31,12,1,70,58,27,24,71,58
45,37,12,1,70,58,43,18,52,37
47,1,45,1,47,22,0,0,0,0
47,23,12,1,70,58,24,16,70,56
47,24,12,1,70,58,24,11,61,37
47,26,12,1,70,58,41,11,47,26
48,22,12,1,70,58,29,12,48,37
51,58,0,0,0,0,12,11,70,58
52,23,12,1,70,58,43,23,52,29
52,58,42,21,52,58,0,0,0,0
54,43,12,1,70,58,29,12,54,43
55,58,0,0,0,0,12,11,70,58
56,26,12,1,70,58,29,12,56,32
57,1,0,0,0,0,12,1,70,56
61,24,12,1,70,58,12,15,61,29
61,34,12,1,70,58,12,21,61,36
70,35,12,1,70,58,39,22,70,35
70,56,12,1,70,58,40,23,70,56
71,58,45,31,71,58,0,0,0,0
